imageFileNames_ir
	'D:\project\final_calibration\color_ir_kinect\prepare\ir_kinect\00000.png',...
    'D:\project\final_calibration\color_ir_kinect\prepare\ir_kinect\00026.png',...
    'D:\project\final_calibration\color_ir_kinect\prepare\ir_kinect\00056.png',...
    'D:\project\final_calibration\color_ir_kinect\prepare\ir_kinect\00113.png',...
    'D:\project\final_calibration\color_ir_kinect\prepare\ir_kinect\00160.png',...
    'D:\project\final_calibration\color_ir_kinect\prepare\ir_kinect\00322.png',...
    'D:\project\final_calibration\color_ir_kinect\prepare\ir_kinect\00337.png',...
    'D:\project\final_calibration\color_ir_kinect\prepare\ir_kinect\00382.png',...
    'D:\project\final_calibration\color_ir_kinect\prepare\ir_kinect\00412.png',...
    'D:\project\final_calibration\color_ir_kinect\prepare\ir_kinect\00442.png',...
    'D:\project\final_calibration\color_ir_kinect\prepare\ir_kinect\00487.png',...
    'D:\project\final_calibration\color_ir_kinect\prepare\ir_kinect\00517.png',...
    'D:\project\final_calibration\color_ir_kinect\prepare\ir_kinect\00562.png',...
    'D:\project\final_calibration\color_ir_kinect\prepare\ir_kinect\00577.png',...


imageFileNames_color
	'D:\project\final_calibration\color_ir_kinect\prepare\color_kinect\00000.png',...
    'D:\project\final_calibration\color_ir_kinect\prepare\color_kinect\00026.png',...
    'D:\project\final_calibration\color_ir_kinect\prepare\color_kinect\00056.png',...
    'D:\project\final_calibration\color_ir_kinect\prepare\color_kinect\00113.png',...
    'D:\project\final_calibration\color_ir_kinect\prepare\color_kinect\00160.png',...
    'D:\project\final_calibration\color_ir_kinect\prepare\color_kinect\00322.png',...
    'D:\project\final_calibration\color_ir_kinect\prepare\color_kinect\00337.png',...
    'D:\project\final_calibration\color_ir_kinect\prepare\color_kinect\00382.png',...
    'D:\project\final_calibration\color_ir_kinect\prepare\color_kinect\00412.png',...
    'D:\project\final_calibration\color_ir_kinect\prepare\color_kinect\00442.png',...
    'D:\project\final_calibration\color_ir_kinect\prepare\color_kinect\00487.png',...
    'D:\project\final_calibration\color_ir_kinect\prepare\color_kinect\00517.png',...
    'D:\project\final_calibration\color_ir_kinect\prepare\color_kinect\00562.png',...
    'D:\project\final_calibration\color_ir_kinect\prepare\color_kinect\00577.png',...


RotationMatrices_ir
ans(:,:,1) =

    0.9651    0.0653   -0.2537
   -0.1866    0.8511   -0.4907
    0.1839    0.5209    0.8336


ans(:,:,2) =

    0.9755    0.0583   -0.2119
   -0.1574    0.8582   -0.4885
    0.1534    0.5099    0.8464


ans(:,:,3) =

    0.9996    0.0170    0.0232
    0.0006    0.7949   -0.6068
   -0.0288    0.6066    0.7945


ans(:,:,4) =

    0.9908    0.0423   -0.1286
   -0.0051    0.9609    0.2767
    0.1353   -0.2735    0.9523


ans(:,:,5) =

    0.9685    0.0484   -0.2444
    0.0286    0.9529    0.3019
    0.2475   -0.2994    0.9215


ans(:,:,6) =

    0.9797   -0.0109   -0.2002
   -0.0553    0.9451   -0.3220
    0.1928    0.3265    0.9253


ans(:,:,7) =

    0.9883    0.0011   -0.1524
   -0.0573    0.9295   -0.3644
    0.1413    0.3689    0.9187


ans(:,:,8) =

    0.9763    0.1144   -0.1837
   -0.1438    0.9772   -0.1561
    0.1616    0.1789    0.9705


ans(:,:,9) =

    0.8583    0.0109   -0.5130
    0.0158    0.9987    0.0477
    0.5129   -0.0490    0.8571


ans(:,:,10) =

    0.8157    0.0478   -0.5765
   -0.0175    0.9982    0.0580
    0.5782   -0.0372    0.8151


ans(:,:,11) =

    0.8697   -0.0716    0.4884
    0.0241    0.9944    0.1029
   -0.4930   -0.0777    0.8666


ans(:,:,12) =

    0.7787   -0.0722    0.6233
   -0.0498    0.9831    0.1762
   -0.6255   -0.1682    0.7619


ans(:,:,13) =

    0.9791    0.0873   -0.1835
   -0.1354    0.9536   -0.2690
    0.1515    0.2883    0.9455


ans(:,:,14) =

    0.9834    0.0128   -0.1810
    0.0995    0.7962    0.5968
    0.1518   -0.6049    0.7817
    
TranslationVectors_ir
   1.0e+03 *

   -0.0547    0.0102    1.2022
   -0.4468    0.0023    1.1924
   -0.4824    0.0509    1.1442
   -0.2130   -0.0350    0.8286
   -0.5374   -0.4549    1.1015
   -0.0902   -0.2293    1.2163
   -0.1157   -0.4318    1.1735
   -0.4895   -0.4468    1.1969
   -0.4501   -0.3504    1.2514
   -0.0110   -0.3172    1.2264
   -0.3291   -0.0608    0.9495
   -0.5620   -0.2850    1.0314
   -0.1861   -0.3898    1.3326
   -0.3192   -0.3496    1.1039


RotationMatrices_color

ans(:,:,1) =

    0.9636    0.0607   -0.2605
   -0.1868    0.8497   -0.4931
    0.1914    0.5238    0.8301


ans(:,:,2) =

    0.9743    0.0538   -0.2187
   -0.1576    0.8567   -0.4911
    0.1610    0.5130    0.8432


ans(:,:,3) =

    0.9998    0.0134    0.0165
   -0.0006    0.7923   -0.6102
   -0.0212    0.6100    0.7921


ans(:,:,4) =

    0.9900    0.0381   -0.1355
    0.0003    0.9621    0.2726
    0.1407   -0.2700    0.9525


ans(:,:,5) =

    0.9670    0.0438   -0.2511
    0.0341    0.9541    0.2976
    0.2526   -0.2964    0.9211


ans(:,:,6) =

    0.9783   -0.0154   -0.2068
   -0.0540    0.9440   -0.3256
    0.2002    0.3297    0.9226


ans(:,:,7) =

    0.9873   -0.0032   -0.1590
   -0.0563    0.9281   -0.3680
    0.1488    0.3723    0.9161


ans(:,:,8) =

    0.9755    0.1100   -0.1907
   -0.1413    0.9771   -0.1593
    0.1688    0.1824    0.9686


ans(:,:,9) =

    0.8549    0.0056   -0.5188
    0.0198    0.9989    0.0433
    0.5184   -0.0473    0.8538


ans(:,:,10) =

    0.8120    0.0423   -0.5821
   -0.0135    0.9985    0.0538
    0.5835   -0.0359    0.8113


ans(:,:,11) =

    0.8727   -0.0727    0.4828
    0.0285    0.9947    0.0984
   -0.4874   -0.0722    0.8702


ans(:,:,12) =

    0.7826   -0.0725    0.6183
   -0.0450    0.9840    0.1723
   -0.6209   -0.1627    0.7668


ans(:,:,13) =

    0.9782    0.0829   -0.1905
   -0.1337    0.9529   -0.2722
    0.1589    0.2917    0.9432


ans(:,:,14) =

    0.9822    0.0084   -0.1876
    0.1064    0.7984    0.5927
    0.1548   -0.6021    0.7832
    
    
TranslationVectors_color

ans =

   1.0e+03 *

   -0.0981    0.0164    1.2011
   -0.4904    0.0099    1.1940
   -0.5261    0.0585    1.1459
   -0.2591   -0.0298    0.8288
   -0.5832   -0.4474    1.1057
   -0.1344   -0.2229    1.2165
   -0.1609   -0.4255    1.1748
   -0.5346   -0.4391    1.2007
   -0.4945   -0.3425    1.2545
   -0.0555   -0.3110    1.2265
   -0.3745   -0.0546    0.9506
   -0.6076   -0.2776    1.0351
   -0.2301   -0.3826    1.3341
   -0.3647   -0.3428    1.1062


RotationOfColor

ans =

    1.0000   -0.0037   -0.0067
    0.0037    1.0000   -0.0043
    0.0067    0.0043    1.0000


TranslationOfColor

ans =

  -51.5740    0.8744   -1.3294
