<<<<<<< HEAD
{
    "extrinsic_matrix_color_ir": [
        [
            0.9999414245144126,
            -0.0037285226427599223,
            -0.006683574896882698,
            51.56535410363723
        ],
        [
            0.0036709070831910983,
            0.9999678224799214,
            -0.004324456714121043,
            -0.690797434823698
        ],
        [
            0.006715392444704288,
            0.004274880534957171,
            0.9999366248843202,
            1.6719174435246276
        ],
        [
            0.0,
            0.0,
            0.0,
            1.0
        ]
    ],
    "extrinsic_matrix_web_cam_ir": [
        [
            -0.9349777506999996,
            0.10480332133770615,
            -0.33878355043739566,
            738.5293387061491
        ],
        [
            0.01774963212703292,
            0.9679294314023754,
            0.25053021547180865,
            -648.8558436945043
        ],
        [
            0.35416450182950837,
            0.22820769204669705,
            -0.9068767169901851,
            2106.3038867779755
        ],
        [
            0.0,
            0.0,
            0.0,
            1.0
        ]
    ],
    "extrinsic_matrix_wall_ir": [
        [
            0.004859289311140033,
            -0.9982659119613925,
            -0.058163397748861645,
            694.8498745810078
        ],
        [
            0.9988221232468617,
            0.007662839450503958,
            -0.04757593387531056,
            -853.5098225296038
        ],
        [
            0.04791510411658917,
            -0.05788056666556235,
            0.9971412175235211,
            -2017.5923457241902
        ],
        [
            0.0,
            0.0,
            0.0,
            1.0
        ]
    ],
    "extrinsic_matrix_basler_ir": [
        [
            0.9999516684946373,
            -0.006055521353659085,
            -0.0011898950957347255,
            139.18439482757645
        ],
        [
            0.005997607620277957,
            0.9996975617823911,
            -0.023165408459530332,
            -44.49536245097598
        ],
        [
            0.0013455916070860786,
            0.023132592048717305,
            0.9996998036674084,
            -10.472845988965542
        ],
        [
            0.0,
            0.0,
            0.0,
            1.0
        ]
    ]
}
=======
<<<<<<< HEAD
{"extrinsic_matrix_color_ir": [[0.9999414245144126, -0.0037285226427599223, -0.006683574896882698, 51.56535410363723], [0.0036709070831910983, 0.9999678224799214, -0.004324456714121043, -0.690797434823698], [0.006715392444704287, 0.004274880534957171, 0.9999366248843202, 1.6719174435246276], [0.0, 0.0, 0.0, 1.0]], "extrinsic_matrix_wall_ir": [[-0.003421003899206035, -0.9991085907357393, -0.04137324213521587, 620.9279259213931], [0.9997588072403713, -0.004255134204734362, 0.02078565991570297, -888.8367255754738], [-0.02096830365246749, -0.041308509971106466, 0.9988946701881164, -2005.4100163062203], [0.0, 0.0, 0.0, 1.0]], "extrinsic_matrix_basler_ir": [[0.9999356873175076, -0.007212477508566756, -0.0042456932843271365, 138.86899820465612], [0.007029544810183569, 0.9993366093606322, -0.03528100298005705, -34.821140845529236], [0.004513135453469335, 0.03522448447188253, 0.9993375266577299, -20.073725341937255], [0.0, 0.0, 0.0, 1.0]], "extrinsic_matrix_web_cam_ir": [[-0.9216335593341487, 0.05742047985741261, -0.3837132983314826, 718.2470487707596], [-0.036947841634093787, 0.9714708777470661, 0.23419439183688526, -512.4916067677609], [0.38620538964331536, 0.22999877012717346, -0.8932427372415426, 2087.1771119606656], [0.0, 0.0, 0.0, 1.0]]}
||||||| merged common ancestors
{"extrinsic_matrix_wall_ir": [[-0.013247148937412717, -0.9887975583713607, 0.14847668543673392, 665.7797669580868], [0.992491342261143, -0.03101353018903924, -0.11818172008314137, -513.4255190263709], [0.1214394320960053, 0.14578328780474137, 0.9818025882087293, 651.4948693739327], [0.0, 0.0, 0.0, 1.0]], "extrinsic_matrix_color_ir": [[0.9999414245144126, -0.0037285226427599223, -0.006683574896882698, 51.56535410363723], [0.0036709070831910983, 0.9999678224799214, -0.004324456714121043, -0.690797434823698], [0.006715392444704288, 0.004274880534957171, 0.9999366248843202, 1.6719174435246276], [0.0, 0.0, 0.0, 1.0]], "extrinsic_matrix_basler_ir": [[0.9995718253688081, -0.011783779125073678, 0.025665794217461253, 150.1664546300085], [0.013593873947576211, 0.9972461259830047, -0.0726855782319165, -44.6462295386037], [-0.024723376495105743, 0.0729794454024504, 0.9969951755589153, -4.567967270994939], [0.0, 0.0, 0.0, 1.0]], "extrinsic_matrix_web_cam_ir": [[-0.7084389944043102, 0.24642961781123252, -0.6613078399559715, 1036.3750853391984], [-0.005704765835322782, 0.9349944646390194, 0.3545710496093547, -532.406635060732], [0.7056945092511546, 0.25494879784873986, -0.661009073290658, 1542.8492189422698], [0.0, 0.0, 0.0, 1.0]], "extrinsic_matrix_screen_ir": [[-0.02872671660901613, -0.9828601903525533, 0.18193967815575957, 277.50459339925294], [0.9892897579803678, -0.05396857323557963, -0.13550273184693706, 63.60106233867816], [0.14297624324532435, 0.17608662370960293, 0.973903444753291, 791.4049957846586], [0.0, 0.0, 0.0, 1.0]]}
=======
{"extrinsic_matrix_color_ir": [[0.9999414245144126, -0.0037285226427599223, -0.006683574896882698, 51.56535410363723], [0.0036709070831910983, 0.9999678224799214, -0.004324456714121043, -0.690797434823698], [0.006715392444704288, 0.004274880534957171, 0.9999366248843202, 1.6719174435246276], [0.0, 0.0, 0.0, 1.0]], "extrinsic_matrix_web_cam_ir": [[-0.9216335593341487, 0.05742047985741261, -0.3837132983314826, 718.2470487707596], [-0.03694784163409384, 0.9714708777470661, 0.23419439183688529, -512.4916067677609], [0.38620538964331536, 0.22999877012717346, -0.8932427372415426, 2087.1771119606656], [0.0, 0.0, 0.0, 1.0]], "extrinsic_matrix_wall_ir": [[-0.003421003899206035, -0.9991085907357393, -0.04137324213521587, 620.9279259213931], [0.9997588072403714, -0.00425513420473439, 0.020785659915702914, -888.8367255754737], [-0.02096830365246749, -0.041308509971106466, 0.9988946701881164, -2005.4100163062203], [0.0, 0.0, 0.0, 1.0]], "extrinsic_matrix_basler_ir": [[0.9999501915300151, -0.0056365744798375335, 0.0030443392767525715, 124.34649011828833], [0.005711868558562245, 0.9993437441591834, -0.03531682385771008, -33.7053796086571], [-0.0028275478141923834, 0.03530807548360615, 0.999340767537942, -21.413283974481594], [0.0, 0.0, 0.0, 1.0]]}
>>>>>>> 28b74e79421367504760c0e63a97b4d579b78a4c
>>>>>>> 78082c220e540901090b4126af21063138abdc96
